 1.8519153694396606 0.82350366633612815 0.9659456663480025
 1.6822975360215946 -0.47581583645777881 1.888280901859503
 0.72083127400517433 -0.99648912890011798 1.5518399623212769
 1.0447070241691381 0.06161638744550485 1.3643475761993793
 0.95152222106378026 -0.18289319846903401 -2.0378350126808229
 2.2822626294613153 0.82469265498769628 -1.1570708527578675
 0.75352277336085938 2.0058859567081058 -0.41542258866215204
 1.9832732410507257 1.9886780306831107 1.2233378736746316
 2.0315975136895141 0.026900812742126939 0.38744138718422128
 1.2619136737480776 -0.22359199086342485 0.82083363333002235
 1.6872488592782022 -0.67733802442874114 -0.48297824061619787
 0.44211556780884198 -0.7214519196136 -2.1582641849481106
 1.6748627048955125 1.2215815491499609 -0.14311636903338865
 1.4514827328371449 0.09843620662395558 1.0603800579267408
 -0.47063527954892403 -0.45241334794115606 0.7594295901217516
 0.33325858217161608 0.070383557748675774 1.2909760049585308
 0.86046985989346114 -0.84132136321705275 1.0251536586765841
 -0.99061690435896133 -2.4503702031399843 -1.8775410434607647
 -0.28214920077722272 -1.0167025771108351 -1.3565203757271913
 -0.92500407770911119 -0.037694504728965794 0.26925334154968827
 -1.0671832359416946 -0.50491346644516322 0.67859305220909671
 1.1613807699782375 -1.238856478075214 1.2824064172940173
 -0.14003523072933938 -1.4775218559340999 2.0315896101264048
 1.1361529516181077 -0.71128953267943773 -0.057845543976162039
 0.43801728009542962 -0.86543681544662043 -0.97376240206574483
 2.1810488104897052 0.77305527725172307 -0.61046848447843627
 2.2161002714152445 1.2878974276716277 0.69723308511701931
 0.37714457328428408 -0.41319282095714072 1.2303024429850966
 -0.48953926116731439 -0.38340088235575503 0.078825967581535705
 -0.84865223949149649 -0.10063118726029852 0.57598945903585519
 0.98453580521424766 -1.446540199877246 -1.9665775893606736
 1.8066897972581528 0.47892029946055681 0.23927391803049214
 1.8838212777713528 1.8082438126530858 1.2469223536170959
 3.0682031815977759 0.34137508885194623 0.7339311629868368
 1.5760018500458148 -1.0010083276426116 1.4991936177118719
 0.75228202818655432 0.29998727864946645 0.35417689264924618
 -0.56645416953507444 -1.3778209035471722 -1.0014319195866372
 0.50338230076789237 0.21275229024778647 -1.6920994173001809
 1.2934334213865353 1.0186771899844345 0.41419160723717663
 2.6203205242592418 1.219093338644949 1.9762317946264161
 -0.097704312207239297 -0.91186799531874696 0.58054494949471125
 0.58650914019120259 -0.98594237037963661 0.90797044837158003
 0.69869136191644199 -0.86740549802714184 -0.16108383443771801
 -0.21577062189298546 -1.6360627644636765 -2.3292337950870561
 0.5247904091497646 0.31416988035457039 -0.47574224558776756
 -0.5389439437695277 0.22267328348502372 0.19286768980167895
 1.4432153244095389 -1.1517920178381806 0.55030887378230142
 0.87240087599630889 -0.24743021225697115 0.89564589717648846
 -0.019859295935394372 -1.5369006205510982 -0.15352742746180736
 -0.56379625730918348 -1.2426265256944862 -1.7296310785750879
 2.7406527093993986 -0.062956998855642848 -1.9592087228303225
 0.073318729424032281 1.416092629038691 -0.17424647493869544
 1.3833586446463262 -0.14316468558502121 0.49017982066508725
 1.2470016157015491 -0.67880019659215052 1.4037313775671978
 0.11635516619951303 -0.349629849496846 0.16783162816285535
 1.0557375937162095 -1.0853479808181004 -0.90420572226393203
 1.6388197851085036 -0.58582348387569927 -2.0155709520322382
 2.0067721362132276 1.709211705660765 -0.63755410086153397
 2.3043678281049425 1.2524959933403421 0.44705977045521805
 2.4498104796809006 -0.065446895778294753 0.35110753764217373
 1.9939908861377376 -0.88717975161429141 0.90470980907186971
 -0.063787738600285637 0.49971276243231932 0.74666893566893366
 0.86338543181188132 -1.5335927667985345 -1.0109277179050564
 2.2264020770818975 0.12577950346141437 -1.5170739343462147
 1.318722268251838 1.1973057804410137 0.66470162555459011
 0.89536185161144499 -0.36235049012477949 1.0547083955044401
 -1.5535850353588925 -1.0804408745528118 0.6929776924165183
 -1.7006000771676608 -1.843963239178704 1.1515020005889989
 -0.48598297789695666 -2.4270460789715629 -1.5497774404730273
 2.0289632032737392 -0.82781183329628905 -1.8618728990325226
 1.5582082412957132 0.67426256736168511 0.47873330858754226
 0.017090273555442903 -0.29628103229231184 0.80036759558960635
 -0.34135807159587378 -1.1834689426460372 0.97551112444946309
 -0.501723141753323 -1.8350689088466829 1.1486237413939979
 -1.5258091937181648 -1.1026290826478506 -0.57670782928673114
 1.648158906834404 -1.1518020563864517 -1.4840219125757141
 1.2471955269579187 0.60326890043518466 -0.55373988026010457
 2.7377938605046452 1.6018871036594444 0.67063352207191151
 1.1329766043431628 -0.21114303837008078 1.118839149902398
 2.4586831181964515 -0.35140966303624604 2.3239546136059364
 0.29056606051624423 -0.93874329806068957 -0.084439560837877126
 0.10781642276476644 -1.3281952060542965 -1.8205047551333737
 1.6339812072063893 0.87046225010842249 -0.90356235817519059
 -0.17133319862284369 2.1391186638391426 0.66558131750838712
 1.1490808339951415 0.99676703003461031 -0.21444428468604437
 1.8494631594589412 -1.019674741602802 1.4112432232562828
 0.035222091667418742 -0.74586820131691423 1.362272588673229
 1.521794592434933 -0.76969123608579737 -0.77957046276163777
 2.3392376105602399 -0.25345192601271166 -2.2819017429809967
 2.1008616043423829 0.49481141254023064 -0.25158664860711444
 1.982761495595446 -0.27476321939536363 0.74676769962238154
 1.2666629364276605 -1.2992909882998469 1.0028355146577885
 0.40812360296663924 -1.5740142476319972 0.32082420173911519
 -0.36080041033030696 -2.8218866808444485 0.53579386554654373
 -0.19318345968297884 -1.9905859308290492 -2.1374240372038349
 -0.70998554968186189 -0.41947430600665325 -1.2420252641859146
 1.3720966540655497 0.54023320083007798 0.071398008646808453
 -1.0443346358812788 -0.57384566057326514 -0.0065378323356084511
 -0.59527961909964033 -2.4620030288864481 1.4196077361378667
 0.48453238778576457 -0.88528444885510948 1.5529490647662472
 0.2990979119604294 -1.3757906885777367 -1.0533730050307166
 1.8172082303126662 -0.57271132338630071 -1.5005761075163957
 0.87705129668365744 1.4853661685610859 0.71730821186836413
 1.7790331736200369 0.69555411193947692 -0.37601998363678946
 0.911145247262934 -0.75985288001469975 -0.010219185379833573
 1.7061824826899858 -0.57358730353972509 0.81472299281777549
 1.872294851004989 -0.74618914931325109 0.38124394364097713
 1.6855630363407494 0.22921227499936231 -1.2358720214349517
 1.4120952941925133 1.857632766620269 -1.5385251758518366
 0.40773069535550643 2.4070686878907748 0.2556381467287272
 -0.26061322908008022 0.86541105794221429 0.42859046598845019
 0.54857162650309399 -0.4882186446611157 1.7729378811520302
 -0.51284129124924627 -0.29370651405543341 1.4748231138468428
 1.1926932309484402 -1.1374369704739533 -1.8423934143234924
 2.3285121132456612 0.048770433388121551 -0.98381533268880461
 1.2231378175384147 1.6018971169042302 -0.60608923862654474
 1.5255402137343086 -0.46460146572087679 0.033700178005712011
 -1.4213965564434472 -0.41969718501395514 0.16126912071424993
 -0.28426161602641853 -1.6314274245860934 0.97863102284493386
 0.6204243561257845 -1.9902561038810633 -0.41152309888537131
 -0.4795284577072238 -1.125653274207761 -2.6109580758204198
 0.67847769892914656 0.62975075005749392 -0.013795401070493041
 0.080947661953702982 0.35730509099050917 0.98076266707562543
 0.95478917780254591 -0.53409331922327152 1.890920254456927
 -1.3465336681668312 -1.1792062792969626 1.5292114684932392
 -0.57698392346334815 -0.86849528919126595 -0.041712015963977264
 -0.92273421615872686 -0.97386132158216443 -1.6322940893328552
 1.080533846959816 -1.2010565620248292 -1.2035288960704833
 1.008038293529794 1.9016458655838375 0.56419735228702217
 0.80239974154796656 0.036931427508664176 0.76145479847676867
 -0.04964062387163426 0.48716694183662912 0.72021944866832777
 1.8174755695028808 -0.67120661937392168 0.67054388719214453
 1.2569474681272437 -0.54824554970024952 -1.0932560042468655
 3.6841802634036682 0.25955802849025333 -2.1401053156194161
 3.3645248208078096 1.1033564083982812 0.047082339898614406
 1.686102328472316 0.92319842526468676 0.042519173640614527
 2.2752961396787166 -0.404637942489945 0.31775625569176469
 0.12898294429466428 -0.063472747992303749 1.3386907738633624
 0.34302919330142767 -0.70639404908098069 -0.9736698416477797
 1.7565306775210385 -0.87646290156121942 -2.6966287712799444
 2.5631224111976723 0.19597781358995114 -0.3379976901996104
 0.83725792629257745 0.5057635000447176 0.0044824148433482147
 0.53030390749402379 -0.028185999030434172 0.71064077745818988
 1.1529839276650979 -1.1519571945937437 1.1139929776645452
 -1.1644021827323674 -1.48539239187732 -0.14208032430861545
 -0.045629200543640669 -2.1519987295150367 -0.48587160852868727
 -1.1117390330975658 -0.73795156354458213 -2.3758971319107118
 0.55996782780677967 0.010936896787005601 -0.1747461995478119
 1.0074348494630998 -1.4119401274801815 0.566249604082118
 0.16279203421783661 -1.7623842655176958 1.269666282159831
 0.1706290542181329 -2.1555628725546678 0.74638847980530565
 1.3836383883482961 -1.5588166366501275 -1.4523739434963143
 1.7448821570373148 -1.3927303278168988 -1.7365284968181725
 0.15305890454727655 0.19170209060737453 -0.75535093121224406
 0.16720604218162372 0.80057214483510108 0.08036908605680515
 1.2612725151898287 -1.0400283636338266 0.37154974607513469
 1.4780735602160717 -0.33355589724085599 1.5276479898043036
 -0.43199515184876069 -1.9153281220251215 0.52629500577161847
 2.2693887871023488 -0.97826353690945012 -1.6906002869743015
 1.8975734164962861 1.0445635122139076 -1.291563071758596
 2.7182144886250814 1.9676188023404266 0.51336839356607422
 2.3657308253378488 0.65277286044541805 -0.23976966699834545
 -0.091124029634715775 -0.32936669177844796 0.85418098892027705
 -0.22590033175704416 -1.4806064470839124 0.19591229411565825
 1.0046122660018761 -0.41868088074457044 -1.5037394235474859
 -0.7385610701944596 0.021807506315905639 -1.4877952804220631
 1.7437368455456506 1.0397313226375253 -0.011016350195102725
 1.6755616078134585 0.31981804621349197 0.61436686854719647
 0.68389193786469371 -0.30474813113693211 -0.1137102272324364
 -0.12055793232374151 -0.23659760099400617 1.0556952605430743
 -0.9883883606243038 -1.3709137135923977 -0.018551097005805206
 -1.2216547007796554 -1.6245907662900128 -2.8823002308866661
 1.441218304541376 -0.87349098421187055 -1.6159962694869039
 0.89934962035292343 0.52951102888554491 0.66983286250745233
 -0.18481114661810275 -0.074351486172115955 0.65780015132709835
 0.4759425168099668 -1.09728795404423 0.71605792955386849
 -1.1186976042307077 -0.080919125952937598 0.24703755813570047
 0.58417253817584314 -1.1837330822347019 -1.9256709152129345
 1.973077813515828 -0.54547546618920495 -1.638934424818594
 1.4867859732304827 0.89317598319244418 0.053574355959687375
 0.62739516490723579 -0.37359798589537946 0.66391218170106558
 1.2171171236939879 -0.25043986427131898 0.8539043094503187
 -0.12562628453850977 -0.16449805234855822 1.9463755438990247
 0.37946829798291326 -0.47232709613269425 -0.9071489054853159
 -1.265765465510043 -0.66793472323115299 -1.6727154175129078
 2.670277119894497 0.82477378048909011 -0.38736371029355821
 2.1417459480205006 1.8655327719929691 0.040568387331034961
 2.0273178315819917 -0.38341234391433354 0.3930912476246935
 0.58195988108673924 -0.75991185824699925 1.4182684031899342
 -0.77929795858050899 -0.60791785301683654 -0.51263184754571101
 1.140895442285387 -0.98819784265880539 -2.5349731135653291
 0.69149869410563991 0.30851450742521391 -1.8830468163256435
 1.3203001844087918 0.3259717108726834 0.45556274739153391
 2.3035677468779214 0.68285720082149914 -0.12416672516039862
 0.38563468264278267 -1.5224563155356292 0.6268413119516123
 -1.0274910714666579 -1.2596761873538336 0.8180564516801625
 -0.70220265323678577 -1.8504053175197603 -1.393729716114682
 0.8851220466016041 0.39968775262069345 -1.9700223938763768
 0.21198246821573841 0.56821281424404291 -0.0093516258510614094
 -0.8862468894771971 -0.47884558147762302 0.78476582477981549
 -0.22786305370401011 -1.5862863934210532 2.1616289398593871
 0.30297540785381039 -1.9821807839300172 1.3568530247092461
 -0.42849209919211945 -2.6474631775835329 -0.24596894574205347
 -0.90916278276273976 -1.0510840401013017 -2.2055804821076039
 2.6316034759067577 0.5454872926825115 -0.50377721153175936
 0.88156363489578493 0.80943968441458447 0.26072735487092807
 -1.1777018008705555 -0.57661072385281154 1.3708886554576902
 0.24486793819322794 -0.35940508149801353 1.5776873663144644
 0.99761657817805949 -0.80995522481703075 0.25130122340477345
 1.2340666326834209 -1.1342202091326119 -1.1556705171908628
 0.014029750857100343 0.54055844498698236 -1.1123844496094923
 2.029205081537707 2.0981722425552927 -0.43259852499459489
 1.824524069088618 0.50957431140024845 1.3545745444279866
 2.0217517075488463 -0.10688610884826867 0.52428776674523758
 0.85012310967147675 -0.16322307032270345 1.5432319212876151
 2.1722783860324029 -0.27178158724572876 -0.13237656617426774
 1.0427058110472645 0.14032069980814105 -1.3270531896382773
 1.7515014221315341 1.3987138710419089 0.11772542939429226
 1.577385268120592 1.621440285255789 0.45439879731195987
 0.68172652858497207 -1.197009502388743 0.21183243250154027
 -0.1550247104882635 -0.54272070129215244 0.87587288872722802
 -1.6023521934890588 -0.86688540792272606 0.29055127023453703
 -1.2347061410647227 -1.9503810753847917 -2.6914659311476461
 0.7066819763417227 -0.4158823576304424 -1.668740605194061
 -1.6400717888669254 0.55832629436876757 0.7731745151168008
 0.6859482680333242 -0.4125471691367113 0.0026656514086749183
 -0.47422533233330871 -1.3160565968168045 1.617176061528462
 -0.65566276748388008 -1.3779649063558641 1.9204069826299321
 0.38929334371560292 -1.6277036712646338 -1.1103656610406107
 2.591303563918109 -0.66973820428458397 -2.1222081111825393
 0.86113737281883673 2.0315075093598809 -0.93675908258429508
 0.73421323886533996 1.2189056142466872 0.48574209472345736
 1.7845002943934252 -0.73051768938134243 0.36374202776358983
 2.0693390906439166 -0.88507597354098833 1.482612855582834
 -0.075790491502456758 -0.89074718145699883 -1.0776610270247624
 0.094167042118532551 -0.43627424680523552 -0.93339141305735496
 1.4953433514965635 1.908473122745848 0.30854618268708778
 1.9264273554562648 1.7206930885655312 0.1859294533764006
 1.4470455977513399 0.042154920409564339 1.2023266590204518
 0.48864781848154992 0.13401365429063558 1.2850589642166534
 0.27977906841055133 -0.48489395305678473 -0.25117747362766751
 1.3671681616609828 -2.174984652509254 -1.3366551889656111
 1.9709262946895874 -0.33642128756049844 -1.299062141458198
 0.96935608764923531 0.52790305361056944 -0.2691471483975949
 0.70285355088924306 0.10995048168711154 1.3040753438673791
 -0.071746126724191561 -1.9863319952599452 1.8746574815124897
 -0.36162264907444208 -1.274172751306057 1.577517714625714
 -0.25397367012769467 -2.4041913843084912 -1.2913576580612722
 -0.01233366954245535 -2.3497484851152821 -2.0526687714465397
 0.11379752663888201 0.087647231129018344 -0.070535029090986856
 0.32238954648932805 0.22404214866740241 1.0275004121292346
 0.93859366026716595 -1.2319168614722265 1.1944270967155355
 0.77234418672475535 -1.146519991509741 0.78856288276094921
 -0.54857466125667653 -1.3299134061155364 0.49152124927014834
 0.23786042962965509 -1.6557638988074013 -2.1613122683760704
 -0.73543096489551218 1.1279544812965694 -1.4241520064824134


